%YAML:1.0

---

#размерность маркера по битам (возможны варианты 4 5 6 7)
marker_bit_sizes: [4, 7]

#размер загружаемого словаря (возможны варианты 50 100 250 1000)
dict_sizes: [50, 100]

marker_count: 8 #количество маркеров в поле

dict_count: 2

#marker_bit_size -0
#id -1
#x -2
#y -3
#z -4
#roll -5
#pith -6
#yaw -7
#размер маркера в метрах - 8

marker_1: [4,0,0,0,0,0,0,0,0.61875]

marker_2: [4,1,2.025,0,0,0,0,0,0.61875]

marker_3: [4,2,0,2.025,0,0,0,0,0.61875]

marker_4: [4,3,2.025,2.025,0,0,0,0,0.61875]

marker_5: [7,0,1.0125,0,0,0,0,0,0.61875]

marker_6: [7,1,0,1.0125,0,0,0,0,0.61875]

marker_7: [7,2,2.025,1.0125,0,0,0,0,0.61875]

marker_8: [7,3,1.0125,2.025,0,0,0,0,0.61875]



#marker_1: [4,0,0,0,0,0,0,0,0.5]

#marker_2: [4,1,1,0,0,0,0,0,0.5]

#marker_3: [4,2,0,1,0,0,0,0,0.5]

#marker_4: [4,3,1,1,0,0,0,0,0.5]

#marker_5: [4,4,0.5,0.5,0,0,0,0.5,0.3]

#marker_6: [4,5,0,0.5,0,0,0,0,0.3]

#marker_7: [4,6,0.5,0,0,0,0,0,0.3]
